1448.44055176 1127.79418945 0 0
1359.57104492 1116.90344238 20 0
1271.83422852 1105.93017578 40 0
1185.34130859 1094.74377441 60 0
1100.02392578 1083.72253418 80 0
1016.26171875 1072.6628418 100 0
934.263061523 1061.52392578 120 0
853.707092285 1050.59228516 140 0
774.984008789 1039.62353516 160 0
698.217895508 1028.72973633 180 0
1455.71679688 1043.57910156 0 20
1365.70568848 1033.15063477 20 20
1276.98730469 1022.56213379 40 20
1189.46850586 1012.03295898 60 20
1103.28637695 1001.55773926 80 20
1018.57580566 991.019042969 100 20
935.516052246 980.699157715 120 20
854.193603516 970.356079102 140 20
774.698486328 960.139831543 160 20
697.069824219 950.032836914 180 20
1463.05859375 957.083374023 0 40
1372.0168457 947.117553711 20 40
1282.22180176 937.174560547 40 40
1193.76879883 927.175048828 60 40
1106.52197266 917.427001953 80 40
1020.94152832 907.593017578 100 40
937.174438477 897.851318359 120 40
854.913391113 888.355224609 140 40
774.529663086 878.94152832 160 40
696.282104492 869.596496582 180 40
1470.09875488 868.72253418 0 60
1378.1973877 859.29675293 20 60
1287.36889648 849.901733398 40 60
1197.89697266 840.632507324 60 60
1109.82421875 831.442504883 80 60
1023.36975098 822.388671875 100 60
938.576171875 813.479003906 120 60
855.698608398 804.672363281 140 60
774.410888672 795.713500977 160 60
695.508178711 787.737060547 180 60
1477.11730957 778.383239746 0 80
1384.16381836 769.539306641 20 80
1292.47631836 760.802978516 40 80
1202.0814209 752.152099609 60 80
1113.14404297 743.772949219 80 80
1025.83630371 735.505371094 100 80
940.417236328 727.28527832 120 80
856.569580078 719.445678711 140 80
774.804626465 711.694213867 160 80
695.096069336 704.202453613 180 80
1483.84460449 686.360168457 0 100
1390.11987305 678.090820312 20 100
1297.47753906 670.023193359 40 100
1206.23168945 662.114624023 60 100
1116.39453125 654.397216797 80 100
1028.30004883 646.954406738 100 100
942.055847168 639.768310547 120 100
857.630249023 632.730957031 140 100
775.156982422 625.910644531 160 100
694.719238281 619.391357422 180 100
1490.45092773 592.682983398 0 120
1395.80212402 585.076660156 20 120
1302.32299805 577.739685059 40 120
1210.29345703 570.571289062 60 120
1119.73815918 563.675292969 80 120
1030.8762207 557.098144531 100 120
943.860778809 550.711425781 120 120
858.774414062 544.611572266 140 120
775.615112305 538.89074707 160 120
694.747314453 533.23425293 180 120
