500.333587646 295.542663574 0 0
608.860290527 295.78616333 20 0
717.500732422 296.085784912 40 0
826.338867188 296.455383301 60 0
935.34588623 296.788879395 80 0
1044.37597656 297.215423584 100 0
1153.46777344 297.741027832 120 0
1262.61914062 298.109313965 140 0
1371.68774414 298.689941406 160 0
1480.78356934 299.246307373 180 0
497.865844727 403.126983643 0 20
606.753173828 403.528381348 20 20
715.882324219 403.890197754 40 20
825.122680664 404.251403809 60 20
934.599182129 404.720275879 80 20
1044.08532715 405.120544434 100 20
1153.62744141 405.621612549 120 20
1263.17626953 406.096618652 140 20
1372.7121582 406.648529053 160 20
1482.19189453 407.117126465 180 20
495.415130615 511.731048584 0 40
604.785827637 512.133544922 20 40
714.250488281 512.62512207 40 40
823.990600586 513.070373535 60 40
933.849609375 513.518432617 80 40
1043.81860352 513.995239258 100 40
1153.75048828 514.55847168 120 40
1263.75549316 514.962768555 140 40
1373.73181152 515.508483887 160 40
1483.64355469 516.032043457 180 40
493.008026123 621.06439209 0 60
602.76348877 621.608276367 20 60
712.702270508 622.174194336 40 60
822.811035156 622.650146484 60 60
933.096435547 623.224365234 80 60
1043.47631836 623.75 100 60
1153.8762207 624.237548828 120 60
1264.25585938 624.744384766 140 60
1374.5546875 625.522094727 160 60
1484.99560547 625.723327637 180 60
490.625061035 731.407226562 0 80
600.782592773 731.940673828 20 80
711.111938477 732.557128906 40 80
821.684448242 733.181945801 60 80
932.373779297 733.787902832 80 80
1043.140625 734.313720703 100 80
1153.96240234 734.819213867 120 80
1264.76220703 735.306030273 140 80
1375.57067871 735.852539062 160 80
1486.37670898 736.306030273 180 80
488.351074219 842.315002441 0 100
598.943481445 842.987182617 20 100
709.65234375 843.701965332 40 100
820.543029785 844.397460938 60 100
931.655639648 845.008544922 80 100
1042.79321289 845.569702148 100 100
1154.02770996 846.149230957 120 100
1265.26977539 846.670837402 140 100
1376.48596191 847.12097168 160 100
1487.66296387 847.61541748 180 100
486.029327393 954.197875977 0 120
597.026367188 954.892028809 20 120
708.142578125 955.611206055 40 120
819.472595215 956.375854492 60 120
930.984008789 957.004638672 80 120
1042.49487305 957.655700684 100 120
1154.11621094 958.224365234 120 120
1265.68859863 958.786499023 140 120
1377.34838867 959.28918457 160 120
1488.99804688 959.829101562 180 120
