596.618530273 209.388137817 0 0
705.484619141 224.358886719 20 0
814.673706055 239.549163818 40 0
924.079833984 254.802932739 60 0
1033.75537109 270.037658691 80 0
1143.58776855 285.371398926 100 0
1253.44555664 300.899597168 120 0
1363.4621582 316.194152832 140 0
1473.51025391 331.759796143 160 0
1583.72973633 347.296325684 180 0
579.856567383 317.551757812 0 20
689.053833008 332.819366455 20 20
798.570922852 348.128051758 40 20
908.246154785 363.478271484 60 20
1018.26464844 378.914978027 80 20
1128.34020996 394.296081543 100 20
1238.5880127 409.937255859 120 20
1348.91015625 425.450500488 140 20
1459.32177734 441.030334473 160 20
1569.79821777 456.521179199 180 20
563.031616211 426.551757812 0 40
672.508422852 441.950561523 20 40
782.254272461 457.368927002 40 40
892.314575195 472.921905518 60 40
1002.62799072 488.476196289 80 40
1113.04772949 504.035583496 100 40
1223.59765625 519.683227539 120 40
1334.21948242 535.342590332 140 40
1444.91967773 550.966064453 160 40
1555.68408203 566.662109375 180 40
546.18737793 536.100341797 0 60
655.91998291 551.658691406 20 60
766.005004883 567.321716309 40 60
876.340820312 582.951293945 60 60
986.8828125 598.6640625 80 60
1097.62915039 614.390258789 100 60
1208.44775391 630.061523438 120 60
1319.38085938 645.801574707 140 60
1431.21960449 661.645080566 160 60
1541.50244141 677.30078125 180 60
529.239440918 646.301147461 0 80
639.329345703 662.010131836 20 80
749.646362305 677.805419922 40 80
860.254394531 693.641540527 60 80
971.132202148 709.442138672 80 80
1082.13745117 725.264343262 100 80
1193.26574707 741.121337891 120 80
1304.43933105 756.924316406 140 80
1415.74951172 772.752441406 160 80
1527.13598633 788.59375 180 80
512.346679688 756.98638916 0 100
622.678833008 772.943969727 20 100
733.24597168 788.873046875 40 100
844.110351562 804.839904785 60 100
955.258544922 820.80291748 80 100
1066.51879883 836.709228516 100 100
1177.9161377 852.65838623 120 100
1289.40515137 868.503540039 140 100
1400.9921875 884.440490723 160 100
1512.69726562 900.368530273 180 100
495.41897583 868.283081055 0 120
606.005187988 884.276733398 20 120
716.855102539 900.381347656 40 120
827.990722656 916.542602539 60 120
939.332763672 932.600341797 80 120
1050.84838867 948.681518555 100 120
1162.54467773 964.701293945 120 120
1274.25756836 980.713195801 140 120
1386.14501953 996.737915039 160 120
1498.18322754 1012.79107666 180 120
