540.628845215 120.902191162 0 0
650.813842773 143.054153442 20 0
761.645019531 165.325439453 40 0
873.042907715 187.776123047 60 0
985.029724121 210.361343384 80 0
1097.52539062 233.137588501 100 0
1210.47839355 256.019042969 120 0
1323.88269043 279.039123535 140 0
1437.79553223 302.141662598 160 0
1552.16210938 325.444244385 180 0
516.860107422 231.865661621 0 20
627.045532227 254.269012451 20 20
737.893554688 276.907958984 40 20
849.361450195 299.601257324 60 20
961.434692383 322.46762085 80 20
1073.93725586 345.48449707 100 20
1186.87915039 368.648620605 120 20
1300.3671875 391.936584473 140 20
1414.30480957 415.340942383 160 20
1528.65344238 438.784729004 180 20
493.123840332 342.953765869 0 40
603.295776367 365.787780762 20 40
714.12109375 388.65032959 40 40
825.611938477 411.599731445 60 40
937.649719238 434.744567871 80 40
1050.24780273 458.05480957 100 40
1163.30615234 481.475585938 120 40
1276.7734375 505.044006348 140 40
1390.69116211 528.671386719 160 40
1505.11853027 552.42578125 180 40
469.426055908 454.270935059 0 60
579.581542969 477.366394043 20 60
690.389038086 500.527252197 40 60
801.830505371 523.872802734 60 60
913.921203613 547.331787109 80 60
1026.50170898 570.858154297 100 60
1139.5559082 594.544677734 120 60
1253.14709473 618.326416016 140 60
1367.09863281 642.306030273 160 60
1481.47509766 666.189941406 180 60
445.740722656 565.69909668 0 80
555.953369141 589.055297852 20 80
666.680969238 612.572509766 40 80
778.144897461 636.186279297 60 80
890.174560547 659.977661133 80 80
1002.75939941 683.786254883 100 80
1115.85180664 707.736083984 120 80
1229.29882812 731.762817383 140 80
1343.34912109 755.817138672 160 80
1457.75805664 780.034179688 180 80
422.1484375 677.186218262 0 100
532.275268555 700.889404297 20 100
643.086669922 724.697937012 40 100
754.422851562 748.583984375 60 100
866.505615234 772.633544922 80 100
979.026367188 796.745117188 100 100
1092.10583496 820.95111084 120 100
1205.60009766 845.168457031 140 100
1319.55175781 869.494689941 160 100
1433.97302246 893.908081055 180 100
398.588439941 788.788146973 0 120
508.772827148 812.720092773 20 120
619.476196289 836.795776367 40 120
730.819213867 861.049133301 60 120
842.762451172 885.349731445 80 120
955.314575195 909.707885742 100 120
1068.35864258 934.113647461 120 120
1181.80517578 958.590454102 140 120
1295.72680664 983.208496094 160 120
1410.18408203 1007.86877441 180 120
