441.467895508 280.678283691 0 0
552.9765625 275.289916992 20 0
664.092102051 269.961425781 40 0
774.843994141 264.788482666 60 0
885.368530273 259.468994141 80 0
995.428405762 254.143829346 100 0
1104.95080566 249.329589844 120 0
1214.06445312 244.284637451 140 0
1322.69067383 239.321411133 160 0
1430.82873535 234.413818359 180 0
444.742126465 389.340637207 0 20
556.858032227 383.848510742 20 20
668.640136719 378.248382568 40 20
780.098266602 372.792297363 60 20
891.162109375 367.332946777 80 20
1001.90222168 361.975006104 100 20
1112.10717773 356.679321289 120 20
1221.89746094 351.405700684 140 20
1331.15637207 346.120635986 160 20
1439.89978027 340.898803711 180 20
448.003417969 499.567321777 0 40
560.797973633 493.75592041 20 40
673.264465332 488.028503418 40 40
785.371704102 482.400756836 60 40
897.089599609 476.625610352 80 40
1008.50024414 471.019042969 100 40
1119.41479492 465.452362061 120 40
1229.7800293 459.859924316 140 40
1339.73828125 454.298828125 160 40
1449.06567383 448.829559326 180 40
451.456665039 610.953552246 0 60
564.902832031 604.980712891 20 60
677.943786621 599.049926758 40 60
790.744689941 593.167236328 60 60
903.164367676 587.217529297 80 60
1015.19384766 581.336181641 100 60
1126.74963379 575.434936523 120 60
1237.74743652 569.628051758 140 60
1348.21313477 564.141967773 160 60
1458.28051758 558.045776367 180 60
454.941467285 723.837341309 0 80
569.075561523 717.590820312 20 80
682.752319336 711.384399414 40 80
796.187927246 705.363891602 60 80
909.269287109 699.138061523 80 80
1021.96289062 692.997680664 100 80
1134.109375 686.92175293 120 80
1245.86584473 680.666015625 140 80
1356.9465332 674.585449219 160 80
1467.55883789 668.56072998 180 80
458.574645996 837.8125 0 100
573.410095215 831.466308594 20 100
687.725830078 825.102050781 40 100
801.798034668 818.680908203 60 100
915.521179199 812.361694336 80 100
1028.81640625 805.925415039 100 100
1141.60839844 799.476989746 120 100
1253.89819336 793.073974609 140 100
1365.62866211 786.639526367 160 100
1476.81945801 780.243652344 180 100
462.256652832 953.320068359 0 120
577.705078125 946.547180176 20 120
692.811279297 939.951538086 40 120
807.46862793 933.422363281 60 120
921.797485352 926.657226562 80 120
1035.74621582 920.024047852 100 120
1149.1628418 913.361816406 120 120
1262.06567383 906.636352539 140 120
1374.42358398 899.912658691 160 120
1486.28198242 893.323120117 180 120
