467.852416992 365.369018555 0 0
574.971923828 349.215332031 20 0
681.431274414 333.313659668 40 0
787.261657715 317.60256958 60 0
892.563964844 301.648010254 80 0
996.949707031 286.224609375 100 0
1100.71228027 270.861816406 120 0
1203.73779297 255.533813477 140 0
1306.01513672 240.450714111 160 0
1407.53540039 225.455108643 180 0
482.081512451 468.647766113 0 20
589.940856934 452.160095215 20 20
697.152099609 435.764251709 40 20
803.768310547 419.438262939 60 20
909.799438477 403.271484375 80 20
1015.09307861 387.205963135 100 20
1119.62597656 371.367248535 120 20
1223.38769531 355.645446777 140 20
1326.4263916 339.99005127 160 20
1428.59838867 324.423614502 180 20
496.439788818 573.737792969 0 40
605.183959961 556.708862305 20 40
713.231811523 539.841430664 40 40
820.660827637 523.144226074 60 40
927.431396484 506.478790283 80 40
1033.50817871 489.984619141 100 40
1138.77392578 473.683105469 120 40
1243.31201172 457.367889404 140 40
1347.01708984 441.206787109 160 40
1449.94348145 425.279541016 180 40
511.240356445 680.422241211 0 60
620.762695312 662.980224609 20 60
729.61932373 645.632446289 40 60
837.838378906 628.440917969 60 60
945.357727051 611.337890625 80 60
1052.21411133 594.348937988 100 60
1158.22167969 577.43737793 120 60
1263.51025391 560.621948242 140 60
1367.94348145 544.213867188 160 60
1471.55053711 527.475341797 180 60
526.306396484 788.878662109 0 80
636.622436523 770.926025391 20 80
746.276245117 753.098937988 40 80
855.22668457 735.502685547 60 80
963.599243164 717.824890137 80 80
1071.16625977 700.327392578 100 80
1177.95410156 682.950622559 120 80
1283.88562012 665.57434082 140 80
1389.17504883 648.4453125 160 80
1493.45849609 631.449462891 180 80
541.69152832 898.864013672 0 100
652.797973633 880.509094238 20 100
763.242004395 862.256103516 40 100
873.002929688 844.036437988 60 100
982.10723877 825.8828125 80 100
1090.43920898 807.911621094 100 100
1197.92333984 789.961364746 120 100
1304.68811035 772.134521484 140 100
1410.55615234 754.454284668 160 100
1515.63183594 736.887390137 180 100
557.256286621 1010.77679443 0 120
669.179870605 991.764282227 20 120
780.479003906 972.993408203 40 120
891.04083252 954.356323242 60 120
1000.91320801 935.61340332 80 120
1109.99536133 917.055908203 100 120
1218.24829102 898.70300293 120 120
1325.72875977 880.277282715 140 120
1432.39038086 861.998962402 160 120
1538.20349121 844.035888672 180 120
