260.955657959 426.196533203 0 0
366.994689941 402.719421387 20 0
471.934692383 379.5831604 40 0
575.810058594 356.891540527 60 0
678.705444336 334.085205078 80 0
780.664794922 311.691070557 100 0
881.544128418 289.668365479 120 0
981.573974609 267.737854004 140 0
1080.36804199 246.150558472 160 0
1178.21057129 224.860900879 180 0
281.245239258 526.218505859 0 20
388.077270508 502.152404785 20 20
493.840698242 478.347717285 40 20
598.587646484 454.832885742 60 20
702.381225586 431.409606934 80 20
805.09765625 408.384521484 100 20
906.807250977 385.543884277 120 20
1007.52716064 362.95690918 140 20
1107.17211914 340.63092041 160 20
1205.78515625 318.590332031 180 20
301.866699219 628.347412109 0 40
409.630767822 603.520385742 20 40
516.227783203 579.015991211 40 40
621.799377441 554.826416016 60 40
726.442993164 530.672851562 80 40
829.991577148 506.879699707 100 40
932.521240234 483.375427246 120 40
1034.04833984 459.953765869 140 40
1134.42700195 436.937683105 160 40
1233.76525879 414.209991455 180 40
323.005126953 732.239135742 0 60
431.580505371 706.741760254 20 60
539.097167969 681.472900391 40 60
645.552490234 656.43737793 60 60
750.967712402 631.627685547 80 60
855.386047363 607.133300781 100 60
958.716308594 582.856628418 120 60
1060.99267578 558.817199707 140 60
1162.14782715 535.116577148 160 60
1262.26147461 511.420227051 180 60
344.497253418 838.303955078 0 80
454.092590332 811.874267578 20 80
562.426757812 785.883422852 40 80
669.708862305 760.254882812 60 80
776.009399414 734.612548828 80 80
881.250976562 709.321044922 100 80
985.338378906 684.419189453 120 80
1088.47338867 659.438598633 140 80
1190.36938477 634.849487305 160 80
1291.19116211 610.676696777 180 80
366.554748535 946.08605957 0 100
476.993133545 918.992675781 20 100
586.266357422 892.193481445 40 100
694.419616699 865.661621094 60 100
801.543823242 839.398071289 80 100
907.619140625 813.294799805 100 100
1012.58203125 787.481079102 120 100
1116.4309082 761.847167969 140 100
1219.08044434 736.627197266 160 100
1320.88330078 711.37097168 180 100
388.920898438 1056.22509766 0 120
500.362731934 1028.14282227 20 120
610.572998047 1000.3671875 40 120
719.602416992 973.204650879 60 120
827.58996582 946.005859375 80 120
934.477905273 919.148071289 100 120
1040.2199707 892.621582031 120 120
1144.8248291 866.137207031 140 120
1248.33618164 840.008728027 160 120
1350.56396484 814.172363281 180 120
