214.088348389 266.429321289 0 0
314.784545898 265.106994629 20 0
415.838470459 263.798095703 40 0
517.340698242 262.495300293 60 0
619.387573242 261.059387207 80 0
721.898010254 259.76864624 100 0
824.873901367 258.532958984 120 0
928.389343262 257.148620605 140 0
1032.24938965 255.958557129 160 0
1136.58007812 254.841094971 180 0
208.477172852 365.686828613 0 20
309.815795898 364.617340088 20 20
411.623046875 363.552856445 40 20
513.845092773 362.354858398 60 20
616.518371582 361.363189697 80 20
719.702270508 360.203369141 100 20
823.534423828 359.124420166 120 20
927.638916016 358.056884766 140 20
1032.3503418 357.017364502 160 20
1137.39404297 355.984741211 180 20
202.856231689 466.502593994 0 40
304.864746094 465.562316895 20 40
407.289245605 464.743041992 40 40
510.243347168 463.899261475 60 40
613.643066406 463.000488281 80 40
717.567321777 462.114379883 100 40
822.018432617 461.299255371 120 40
926.985473633 460.357727051 140 40
1032.41955566 459.523498535 160 40
1138.2557373 458.775268555 180 40
197.1743927 568.548339844 0 60
299.90057373 567.956787109 20 60
403.029846191 567.327453613 40 60
506.622802734 566.6640625 60 60
610.69543457 566.094177246 80 60
715.378479004 565.430114746 100 60
820.627990723 564.860351562 120 60
926.288574219 564.227661133 140 60
1032.39428711 564.019836426 160 60
1139.09985352 562.926391602 180 60
191.44682312 672.230163574 0 80
294.830322266 671.730712891 20 80
398.684570312 671.440246582 40 80
503.051361084 671.112670898 60 80
607.811096191 670.698120117 80 80
713.25012207 670.35559082 100 80
819.212768555 670.045776367 120 80
925.611450195 669.530517578 140 80
1032.59594727 669.105712891 160 80
1139.92456055 668.717285156 180 80
185.658294678 777.204284668 0 100
289.845214844 777.060668945 20 100
394.425537109 776.952758789 40 100
499.430206299 776.742980957 60 100
604.989135742 776.700378418 80 100
711.156433105 776.650024414 100 100
817.75402832 776.508178711 120 100
924.993041992 776.369995117 140 100
1032.70129395 776.204956055 160 100
1140.8359375 775.969360352 180 100
179.835754395 883.819580078 0 120
284.738525391 883.812072754 20 120
390.10949707 883.907958984 40 120
495.91229248 884.137207031 60 120
602.05847168 884.250610352 80 120
709.053955078 884.378112793 100 120
816.442260742 884.576782227 120 120
924.360351562 884.622436523 140 120
1032.77197266 884.666748047 160 120
1141.64501953 884.72277832 180 120
