247.835021973 285.040283203 0 0
364.881530762 273.384277344 20 0
480.580780029 261.630004883 40 0
594.946289062 249.912414551 60 0
708.429870605 238.537704468 80 0
820.716308594 227.150802612 100 0
931.613647461 215.959716797 120 0
1041.66943359 205.064056396 140 0
1150.44262695 194.203277588 160 0
1257.97607422 183.477325439 180 0
264.539215088 399.697509766 0 20
380.352539062 387.296020508 20 20
495.015075684 375.066619873 40 20
608.486938477 362.975158691 60 20
720.943237305 351.015655518 80 20
832.214599609 339.141448975 100 20
942.374633789 327.470458984 120 20
1051.37365723 316.010803223 140 20
1159.28930664 304.637817383 160 20
1266.35839844 293.458496094 180 20
280.67175293 512.082458496 0 40
395.570007324 499.385314941 20 40
509.180145264 486.725250244 40 40
621.677124023 474.116699219 60 40
733.206481934 461.729827881 80 40
843.620239258 449.400634766 100 40
952.76574707 437.156311035 120 40
1061.06201172 425.281341553 140 40
1168.11303711 413.459838867 160 40
1273.92382812 401.660064697 180 40
296.840881348 622.977050781 0 60
410.663360596 609.742797852 20 60
523.254272461 596.619750977 40 60
634.850097656 583.612792969 60 60
745.276611328 570.775817871 80 60
854.846923828 558.005493164 100 60
963.202880859 545.387573242 120 60
1070.52807617 532.905700684 140 60
1176.90979004 520.689575195 160 60
1281.69311523 508.485168457 180 60
312.670806885 731.905151367 0 80
425.502319336 718.24597168 20 80
537.192687988 704.743774414 40 80
647.693847656 691.289001465 60 80
757.330688477 678.121032715 80 80
865.909729004 664.890991211 100 80
973.334960938 651.80657959 120 80
1079.49780273 638.98046875 140 80
1185.15319824 626.187866211 160 80
1289.28613281 613.51550293 180 80
328.367462158 839.153808594 0 100
440.146697998 825.069580078 20 100
550.885253906 811.124694824 40 100
660.540527344 797.374389648 60 100
769.181152344 783.657226562 80 100
876.815063477 770.056762695 100 100
983.471435547 756.62512207 120 100
1088.92724609 743.291870117 140 100
1193.36608887 730.064941406 160 100
1296.6953125 716.903198242 180 100
343.690856934 944.58984375 0 120
454.685424805 930.14251709 20 120
564.426757812 915.739929199 40 120
673.155761719 901.572753906 60 120
780.924438477 887.537353516 80 120
887.655639648 873.604675293 100 120
993.227966309 859.644104004 120 120
1097.94604492 845.958312988 140 120
1201.46044922 832.298095703 160 120
1303.99267578 818.693969727 180 120
