1577.50878906 973.132080078 0 0
1467.10620117 980.790771484 20 0
1358.06640625 988.223022461 40 0
1250.71643066 995.353088379 60 0
1144.95263672 1002.04046631 80 0
1041.41040039 1008.35253906 100 0
940.332397461 1014.42797852 120 0
841.491210938 1019.9866333 140 0
745.444213867 1025.31469727 160 0
652.19543457 1030.34228516 180 0
1569.81616211 864.135437012 0 20
1460.63623047 872.624389648 20 20
1352.64526367 880.864379883 40 20
1246.27856445 888.871582031 60 20
1141.63024902 896.59777832 80 20
1039.2019043 904.100219727 100 20
938.884521484 911.262207031 120 20
841.074707031 918.096923828 140 20
745.839355469 924.66809082 160 20
653.183410645 930.933288574 180 20
1561.88452148 757.488891602 0 40
1453.84033203 766.575805664 20 40
1347.10852051 775.614990234 40 40
1241.91357422 784.588256836 60 40
1138.3515625 793.186645508 80 40
1036.85571289 801.58996582 100 40
937.682739258 809.948730469 120 40
840.704833984 817.89666748 140 40
746.328979492 825.679016113 160 40
654.823608398 833.29095459 180 40
1553.49316406 652.969177246 0 60
1446.79418945 662.828430176 20 60
1341.34191895 672.540649414 40 60
1237.34729004 682.256835938 60 60
1135.0592041 691.83984375 80 60
1034.64794922 701.276367188 100 60
936.40625 710.563720703 120 60
840.639892578 719.719116211 140 60
747.031860352 728.396850586 160 60
656.319335938 737.252990723 180 60
1544.95556641 551.21673584 0 80
1439.57470703 561.569702148 20 80
1335.43115234 572.030151367 40 80
1232.82910156 582.57232666 60 80
1131.67407227 592.85559082 80 80
1032.51342773 603.137756348 100 80
935.568359375 613.566772461 120 80
840.597167969 623.551391602 140 80
748.228393555 633.494995117 160 80
658.294555664 643.334594727 180 80
1536.06542969 452.051818848 0 100
1432.13989258 463.008758545 20 100
1329.42895508 474.068786621 40 100
1228.0625 485.251403809 60 100
1128.3190918 496.429077148 80 100
1030.33325195 507.541107178 100 100
934.510986328 518.686767578 120 100
840.798522949 529.729309082 140 100
749.431884766 540.739807129 160 100
660.407348633 551.505126953 180 100
1527.09033203 355.928344727 0 120
1424.63012695 367.211761475 20 120
1323.29089355 378.915863037 40 120
1223.35644531 390.681335449 60 120
1124.9387207 402.484069824 80 120
1028.33105469 414.404968262 100 120
933.736694336 426.485321045 120 120
841.098571777 438.341888428 140 120
750.796508789 449.993469238 160 120
662.828491211 462.031646729 180 120
